  6     26.17   0.000065
  7     33.94   0.000003
  8     47.18   0.000048
  9     66.13   0.000142
 10     78.78   0.000209
 11     79.74   0.000488
 12     90.63   0.000037
 13     99.24   0.000935
 14    112.25   0.000027
 15    119.72   0.000218
 16    135.03   0.000184
 17    158.91   0.000012
 18    177.59   0.000153
 19    179.77   0.000166
 20    185.80   0.000030
 21    194.10   0.001334
 22    207.64   0.000284
 23    231.69   0.030063
 24    236.05   0.002328
 25    240.24   0.003622
 26    248.46   0.001228
 27    250.35   0.007077
 28    259.85   0.004092
 29    266.56   0.000435
 30    269.10   0.000798
 31    277.37   0.005758
 32    284.60   0.003399
 33    285.50   0.010537
 34    298.12   0.000337
 35    299.33   0.001015
 36    302.12   0.005667
 37    311.19   0.000662
 38    321.32   0.000062
 39    327.31   0.000749
 40    340.92   0.002452
 41    348.15   0.001466
 42    355.05   0.001075
 43    368.36   0.000364
 44    377.03   0.000029
 45    381.61   0.000502
 46    393.41   0.000193
 47    401.87   0.000041
 48    407.86   0.000859
 49    440.23   0.000193
 50    445.89   0.000104
 51    453.76   0.000055
 52    457.92   0.000726
 53    466.45   0.000151
 54    479.42   0.000283
 55    481.26   0.000473
 56    510.77   0.000514
 57    520.32   0.000713
 58    530.13   0.000915
 59    538.81   0.000704
 60    550.98   0.001077
 61    552.84   0.002806
 62    601.77   0.000520
 63    606.48   0.000448
 64    615.33   0.002157
 65    641.04   0.000324
 66    661.22   0.000340
 67    679.48   0.000235
 68    707.05   0.000252
 69    728.54   0.000385
 70    734.62   0.000408
 71    747.04   0.001960
 72    748.98   0.000167
 73    774.57   0.000340
 74    782.16   0.000535
 75    806.17   0.001043
 76    826.86   0.000144
 77    846.68   0.000088
 78    859.51   0.001555
 79    864.64   0.001110
 80    879.19   0.000259
 81    884.91   0.000857
 82    898.18   0.016075
 83    900.02   0.004859
 84    908.29   0.002356
 85    915.16   0.000985
 86    919.08   0.001723
 87    927.99   0.000275
 88    930.55   0.002123
 89    933.17   0.001474
 90    940.04   0.000684
 91    953.90   0.001181
 92    958.60   0.008648
 93    964.57   0.000963
 94    973.78   0.001505
 95    980.84   0.000275
 96    985.97   0.003321
 97    995.37   0.003882
 98   1002.83   0.005586
 99   1005.18   0.001499
100   1011.74   0.001142
101   1018.08   0.002734
102   1019.19   0.035595
103   1022.79   0.002927
104   1028.92   0.001384
105   1034.36   0.003974
106   1045.49   0.001365
107   1051.12   0.000603
108   1061.17   0.001058
109   1067.28   0.009636
110   1078.34   0.000283
111   1082.35   0.000941
112   1090.89   0.001666
113   1095.58   0.001418
114   1106.77   0.001161
115   1113.90   0.001670
116   1120.72   0.000711
117   1126.17   0.002843
118   1130.61   0.003411
119   1143.16   0.002008
120   1146.11   0.000446
121   1151.74   0.000692
122   1160.14   0.002467
123   1166.20   0.000315
124   1179.43   0.001178
125   1195.35   0.002811
126   1201.83   0.001947
127   1208.95   0.001507
128   1215.17   0.002085
129   1216.86   0.003908
130   1219.53   0.002199
131   1226.71   0.004516
132   1229.04   0.000432
133   1247.13   0.001600
134   1257.77   0.001353
135   1260.55   0.001234
136   1272.09   0.001473
137   1274.44   0.000484
138   1287.28   0.001412
139   1292.14   0.000743
140   1296.40   0.000179
141   1298.26   0.002282
142   1309.13   0.000044
143   1313.58   0.000336
144   1327.12   0.000910
145   1330.58   0.000470
146   1343.50   0.001251
147   1344.45   0.001664
148   1347.71   0.000396
149   1351.13   0.000152
150   1359.60   0.000431
151   1366.16   0.000476
152   1370.91   0.000597
153   1371.40   0.000513
154   1372.92   0.001970
155   1374.43   0.001026
156   1379.46   0.000357
157   1382.22   0.000921
158   1386.28   0.001268
159   1389.86   0.000864
160   1391.36   0.001725
161   1394.65   0.000176
162   1397.73   0.003602
163   1400.16   0.001056
164   1406.45   0.002770
165   1408.97   0.003416
166   1413.71   0.002547
167   1417.83   0.003697
168   1421.22   0.001402
169   1426.55   0.000316
170   1431.48   0.001841
171   1441.52   0.000289
172   1463.84   0.001450
173   1473.13   0.000067
174   1474.13   0.000062
175   1475.96   0.000894
176   1476.02   0.001234
177   1478.34   0.000598
178   1478.57   0.001273
179   1481.37   0.001315
180   1482.08   0.000063
181   1483.99   0.001907
182   1485.98   0.000986
183   1488.84   0.002796
184   1490.26   0.002511
185   1490.49   0.002040
186   1493.20   0.000702
187   1496.51   0.001858
188   1498.06   0.001349
189   1501.39   0.001867
190   1504.21   0.000565
191   1507.72   0.001395
192   1509.41   0.000381
193   1512.22   0.000915
194   1520.56   0.003605
195   1681.02   0.013044
196   2977.87   0.009466
197   2993.37   0.015280
198   3017.86   0.019035
199   3020.17   0.006644
200   3022.61   0.004360
201   3023.25   0.021998
202   3026.26   0.006998
203   3027.47   0.001964
204   3028.67   0.010949
205   3032.66   0.002796
206   3033.39   0.013044
207   3037.78   0.003679
208   3039.51   0.007215
209   3039.75   0.011049
210   3040.80   0.014584
211   3042.49   0.010122
212   3043.35   0.033311
213   3048.95   0.003549
214   3051.15   0.018330
215   3052.10   0.003806
216   3053.11   0.009272
217   3054.33   0.011658
218   3061.30   0.014654
219   3066.30   0.003286
220   3068.16   0.006808
221   3070.26   0.001110
222   3070.91   0.019387
223   3076.14   0.007916
224   3076.58   0.006489
225   3080.62   0.001254
226   3082.02   0.010578
227   3083.06   0.058942
228   3085.94   0.020787
229   3094.53   0.005786
230   3095.49   0.007463
231   3096.86   0.052565
232   3099.31   0.019612
233   3109.47   0.008047
234   3114.94   0.008094
235   3116.60   0.011361
236   3118.18   0.012751
237   3124.78   0.004007
238   3126.76   0.009974
239   3135.00   0.011836
240   3137.87   0.008149
241   3138.27   0.005617
242   3147.99   0.009623
243   3208.88   0.006598
244   3797.27   0.012413
245   3814.52   0.014689